# X Y hcode
  0 0 11
  0 1 100
  0 2 000110
  0 3 00010010
  0 4 00001100
  0 5 000000101
  1 0 101
  1 1 01
  1 2 0010
  1 3 00010000
  1 4 00001001
  1 5 00000011
  2 0 000111
  2 1 0011
  2 2 000101
  2 3 00001110
  2 4 00000111
  2 5 000000011
  3 0 00010011
  3 1 00010001
  3 2 00001111
  3 3 000001101
  3 4 000001010
  3 5 0000000100
  4 0 00001101
  4 1 0000101
  4 2 00001000
  4 3 000001011
  4 4 0000000101
  4 5 0000000001
  5 0 000001100
  5 1 00000100
  5 2 000000100
  5 3 000000001
  5 4 00000000001
  5 5 00000000000