# X Y hcode
  0 0 1
  0 1 010
  0 2 001010
  0 3 00010011
  0 4 00010000
  0 5 000001010
  1 0 011
  1 1 0011
  1 2 000111
  1 3 0001010
  1 4 0000101
  1 5 00000011
  2 0 001011
  2 1 00100
  2 2 0001101
  2 3 00010001
  2 4 00001000
  2 5 000000100
  3 0 0001100
  3 1 0001011
  3 2 00010010
  3 3 000001111
  3 4 000001011
  3 5 000000010
  4 0 0000111
  4 1 0000110
  4 2 00001001
  4 3 000001110
  4 4 000000011
  4 5 0000000001
  5 0 00000110
  5 1 00000100
  5 2 000000101
  5 3 0000000011
  5 4 0000000010
  5 5 0000000000
