# X Y hcode
  0 0 1001
  0 1 110
  0 2 10000
  0 3 0100001
  0 4 00101001
  0 5 000100111
  0 6 000100110
  0 7 000011010
  1 0 111
  1 1 101
  1 2 0110
  1 3 01001
  1 4 0010111
  1 5 0010000
  1 6 00011010
  1 7 00001011
  2 0 10001
  2 1 0111
  2 2 01011
  2 3 001110
  2 4 0010101
  2 5 00011110
  2 6 0001010
  2 7 00000111
  3 0 010001
  3 1 01010
  3 2 001111
  3 3 001100
  3 4 0010010
  3 5 00011100
  3 6 00001110
  3 7 00000101
  4 0 0100000
  4 1 001101
  4 2 0010110
  4 3 0010011
  4 4 00010010
  4 5 00010000
  4 6 00001001
  4 7 000000101
  5 0 00101000
  5 1 0010001
  5 2 00011111
  5 3 00011101
  5 4 00010001
  5 5 000001101
  5 6 00000100
  5 7 000000010
  6 0 00011011
  6 1 0001100
  6 2 0001011
  6 3 00001111
  6 4 00001010
  6 5 000000111
  6 6 000000100
  6 7 0000000001
  7 0 000011011
  7 1 00001100
  7 2 00001000
  7 3 000001100
  7 4 000000110
  7 5 000000011
  7 6 000000001
  7 7 0000000000