# X  Y hcode
  0  0 1
  0  1 0101
  0  2 001110
  0  3 00101100
  0  4 001001010
  0  5 000111111
  0  6 0001101110
  0  7 0001011101
  0  8 00010101100
  0  9 00010010101
  0 10 00010001010
  0 11 000011110010
  0 12 000011100001
  0 13 000011000011
  0 14 0000101111000
  0 15 000010001
  1  0 011
  1  1 0100
  1  2 001100
  1  3 0010100
  1  4 00100011
  1  5 000111110
  1  6 000110101
  1  7 000101111
  1  8 0001010011
  1  9 0001001011
  1 10 0001000100
  1 11 00001110111
  1 12 000011001001
  1 13 00001101011
  1 14 000011001111
  1 15 00001001
  2  0 001111
  2  1 001101
  2  2 0010111
  2  3 00100110
  2  4 001000011
  2  5 000111010
  2  6 0001100111
  2  7 0001011010
  2  8 00010100001
  2  9 0001001000
  2 10 00001111111
  2 11 00001110101
  2 12 00001101110
  2 13 000011010001
  2 14 000011001110
  2 15 000010000
  3  0 00101101
  3  1 0010101
  3  2 00100111
  3  3 001000101
  3  4 001000000
  3  5 0001110010
  3  6 0001100011
  3  7 0001010111
  3  8 00010011110
  3  9 00010001100
  3 10 000011111100
  3 11 000011010100
  3 12 000011000111
  3 13 0000110000011
  3 14 0000101101101
  3 15 0000011010
  4  0 001001011
  4  1 00100100
  4  2 001000100
  4  3 001000001
  4  4 0001110011
  4  5 0001100101
  4  6 00010110011
  4  7 00010100100
  4  8 00010011011
  4  9 000100001000
  4 10 000011110110
  4 11 000011100010
  4 12 0000110001011
  4 13 0000101111110
  4 14 0000101101010
  4 15 000001001
  5  0 001000010
  5  1 00011110
  5  2 000111011
  5  3 000111000
  5  4 0001100110
  5  5 00010111001
  5  6 00010101101
  5  7 000100001001
  5  8 00010001110
  5  9 000011111101
  5 10 000011101000
  5 11 0000110010000
  5 12 0000110000100
  5 13 0000101111010
  5 14 00000110111101
  5 15 0000010000
  6  0 0001101111
  6  1 000110110
  6  2 000110100
  6  3 0001100100
  6  4 00010111000
  6  5 00010110010
  6  6 00010100000
  6  7 00010000101
  6  8 000100000001
  6  9 000011110100
  6 10 000011100100
  6 11 000011011001
  6 12 0000110000001
  6 13 0000101101110
  6 14 00001011001011
  6 15 0000001010
  7  0 0001100010
  7  1 000110000
  7  2 0001011011
  7  3 0001011000
  7  4 00010100101
  7  5 00010011101
  7  6 00010010100
  7  7 000100000101
  7  8 000011111000
  7  9 0000110010111
  7 10 0000110001101
  7 11 0000101110100
  7 12 0000101111100
  7 13 000001101111001
  7 14 000001101110100
  7 15 0000001000
  8  0 0001010101
  8  1 0001010100
  8  2 0001010001
  8  3 00010011111
  8  4 00010011100
  8  5 00010001111
  8  6 000100000100
  8  7 000011111001
  8  8 0000110101011
  8  9 0000110010001
  8 10 0000110001000
  8 11 0000101111111
  8 12 00001011010111
  8 13 00001011001001
  8 14 00001011000100
  8 15 0000000111
  9  0 00010011010
  9  1 0001001100
  9  2 0001001001
  9  3 00010001101
  9  4 00010000011
  9  5 000100000000
  9  6 000011110101
  9  7 0000110101010
  9  8 0000110010110
  9  9 0000110001010
  9 10 0000110000000
  9 11 00001011011111
  9 12 0000101100111
  9 13 00001011000110
  9 14 0000101100000
  9 15 00000001011
 10  0 00010001011
 10  1 00010000001
 10  2 0001000011
 10  3 00001111101
 10  4 000011110111
 10  5 000011101001
 10  6 000011100101
 10  7 000011011011
 10  8 0000110001001
 10  9 00001011100111
 10 10 00001011100001
 10 11 00001011010000
 10 12 000001101110101
 10 13 000001101110010
 10 14 00000110110111
 10 15 0000000100
 11  0 000011110011
 11  1 00001111000
 11  2 00001110110
 11  3 00001110011
 11  4 000011100011
 11  5 000011011111
 11  6 0000110001100
 11  7 00001011101010
 11  8 00001011100110
 11  9 00001011100000
 11 10 00001011010001
 11 11 00001011001000
 11 12 00001011000010
 11 13 0000011011111
 11 14 00000110110100
 11 15 00000000110
 12  0 000011001010
 12  1 000011100000
 12  2 000011011110
 12  3 000011011010
 12  4 000011011000
 12  5 0000110000101
 12  6 0000110000010
 12  7 0000101111101
 12  8 0000101101100
 12  9 000001101111000
 12 10 00000110111011
 12 11 00001011000011
 12 12 00000110111000
 12 13 00000110110101
 12 14 0000011011000000
 12 15 00000000100
 13  0 00001011101011
 13  1 000011010011
 13  2 000011010010
 13  3 000011010000
 13  4 0000101110010
 13  5 0000101111011
 13  6 00001011011110
 13  7 00001011010011
 13  8 00001011001010
 13  9 0000011011000111
 13 10 000001101110011
 13 11 000001101101101
 13 12 000001101101100
 13 13 00000110110000011
 13 14 000001101100001
 13 15 00000000010
 14  0 0000101111001
 14  1 0000101110001
 14  2 00001100110
 14  3 000010111011
 14  4 00001011010110
 14  5 00001011010010
 14  6 0000101100110
 14  7 00001011000111
 14  8 00001011000101
 14  9 000001101100010
 14 10 0000011011000110
 14 11 000001101100111
 14 12 00000110110000010
 14 13 000001101100110
 14 14 00000110110010
 14 15 00000000000
 15  0 000001100
 15  1 00001010
 15  2 00000111
 15  3 000001011
 15  4 000001010
 15  5 0000010001
 15  6 0000001011
 15  7 0000001001
 15  8 00000001101
 15  9 00000001100
 15 10 00000001010
 15 11 00000000111
 15 12 00000000101
 15 13 00000000011
 15 14 00000000001
 15 15 00000011