# X  Y hcode
  0  0 1
  0  1 0101
  0  2 001110
  0  3 0010101
  0  4 00100010
  0  5 000110011
  0  6 000101110
  0  7 0001000111
  0  8 000101010
  0  9 0000110100
  0 10 00001000100
  0 11 00000110100
  0 12 000001000011
  0 13 000000101100
  0 14 0000000101011
  0 15 0000000010011
  1  0 011
  1  1 0100
  1  2 001100
  1  3 0010011
  1  4 00011111
  1  5 00011010
  1  6 000101100
  1  7 000100001
  1  8 000011111
  1  9 000011000
  1 10 0000100000
  1 11 0000011000
  1 12 00000011111
  1 13 000000100011
  1 14 000000010110
  1 15 000000001110
  2  0 001111
  2  1 001101
  2  2 0010111
  2  3 00100100
  2  4 000111011
  2  5 000110001
  2  6 0001001101
  2  7 0001000001
  2  8 000011101
  2  9 0000101000
  2 10 0000011110
  2 11 00000101000
  2 12 00000011011
  2 13 000000100001
  2 14 0000000101010
  2 15 0000000010000
  3  0 0010110
  3  1 0010100
  3  2 00100101
  3  3 000111101
  3  4 000111000
  3  5 0001001111
  3  6 0001001001
  3  7 0001000000
  3  8 0000101011
  3  9 00001001100
  3 10 00000111000
  3 11 00000100101
  3 12 00000011010
  3 13 000000011111
  3 14 0000000011001
  3 15 0000000001110
  4  0 00100011
  4  1 0010000
  4  2 000111100
  4  3 000111001
  4  4 0001100001
  4  5 0001001011
  4  6 00001110010
  4  7 00001011011
  4  8 0000110110
  4  9 00001001001
  4 10 00000110111
  4 11 000000101001
  4 12 000000110000
  4 13 0000000110101
  4 14 0000000010111
  4 15 00000000011000
  5  0 000111010
  5  1 00011011
  5  2 000110010
  5  3 0001100000
  5  4 0001001100
  5  5 0001000110
  5  6 00001011101
  5  7 00001010100
  5  8 00001001101
  5  9 00000111010
  5 10 000001001111
  5 11 00000011101
  5 12 0000001001010
  5 13 0000000110001
  5 14 00000000101001
  5 15 00000000010001
  6  0 000101111
  6  1 000101101
  6  2 0001001110
  6  3 0001001010
  6  4 00001110011
  6  5 00001011110
  6  6 00001011010
  6  7 00001001111
  6  8 00001000101
  6  9 000001010011
  6 10 000001000111
  6 11 000000110010
  6 12 0000000111011
  6 13 0000000100110
  6 14 00000000100100
  6 15 00000000001111
  7  0 0001001000
  7  1 000100010
  7  2 0000111000
  7  3 00001011111
  7  4 00001011100
  7  5 00001010101
  7  6 000001011011
  7  7 000001011010
  7  8 000001010110
  7  9 000001001001
  7 10 0000001001101
  7 11 0000001000001
  7 12 0000000110011
  7 13 00000000101100
  7 14 0000000000101011
  7 15 0000000000101010
  8  0 000101011
  8  1 00010100
  8  2 000011110
  8  3 0000101100
  8  4 0000110111
  8  5 00001001110
  8  6 00001001000
  8  7 000001010111
  8  8 000001001110
  8  9 000000111101
  8 10 000000101110
  8 11 0000000110110
  8 12 0000000100101
  8 13 00000000011110
  8 14 000000000010100
  8 15 000000000010000
  9  0 0000110101
  9  1 000011001
  9  2 0000101001
  9  3 0000100101
  9  4 00000101100
  9  5 00000111011
  9  6 00000110110
  9  7 0000001010001
  9  8 000001000010
  9  9 0000001001100
  9 10 0000000111001
  9 11 00000000110110
  9 12 00000000100101
  9 13 00000000010010
  9 14 0000000000100111
  9 15 000000000001011
 10  0 0000100011
 10  1 0000100001
 10  2 0000011111
 10  3 00000111001
 10  4 00000101010
 10  5 000001010010
 10  6 000001001000
 10  7 0000001010000
 10  8 000000101111
 10  9 0000000111010
 10 10 00000000110111
 10 11 0000000010101
 10 12 00000000010110
 10 13 000000000011010
 10 14 0000000000100110
 10 15 00000000000010110
 11  0 00000110101
 11  1 0000011001
 11  2 0000010111
 11  3 00000100110
 11  4 000001000110
 11  5 000000111100
 11  6 000000110011
 11  7 000000100100
 11  8 0000000110111
 11  9 0000000011010
 11 10 0000000100010
 11 11 00000000010111
 11 12 000000000011011
 11 13 000000000001110
 11 14 000000000001001
 11 15 0000000000000111
 12  0 00000100010
 12  1 00000100000
 12  2 00000011100
 12  3 000000100111
 12  4 000000110001
 12  5 0000001001011
 12  6 000000011110
 12  7 0000000110100
 12  8 00000000110000
 12  9 00000000101000
 12 10 000000000110100
 12 11 000000000011100
 12 12 000000000010010
 12 13 0000000000010001
 12 14 0000000000001001
 12 15 0000000000000101
 13  0 000000101101
 13  1 00000010101
 13  2 000000100010
 13  3 0000001000000
 13  4 0000000111000
 13  5 0000000110010
 13  6 00000000110001
 13  7 00000000101101
 13  8 00000000011111
 13  9 00000000010011
 13 10 00000000001100
 13 11 000000000001111
 13 12 0000000000001010
 13 13 000000000000111
 13 14 0000000000000110
 13 15 0000000000000011
 14  0 0000000110000
 14  1 000000010111
 14  2 000000010100
 14  3 0000000100111
 14  4 0000000100100
 14  5 0000000100011
 14  6 000000000110101
 14  7 00000000010101
 14  8 00000000010000
 14  9 00000000000010111
 14 10 000000000001101
 14 11 000000000001010
 14 12 000000000000110
 14 13 00000000000000001
 14 14 0000000000000100
 14 15 0000000000000010
 15  0 000000010000
 15  1 000000001111
 15  2 0000000010001
 15  3 00000000011011
 15  4 00000000011001
 15  5 00000000010100
 15  6 000000000011101
 15  7 00000000001011
 15  8 000000000010001
 15  9 000000000001100
 15 10 0000000000010000
 15 11 0000000000001000
 15 12 0000000000000000001
 15 13 000000000000000001
 15 14 0000000000000000000
 15 15 0000000000000001