# X Y hcode
  0 0 11
  0 1 100
  0 2 01010
  0 3 0011000
  0 4 00100010
  0 5 000100001
  0 6 00010101
  0 7 000001111
  1 0 101
  1 1 011
  1 2 0100
  1 3 001010
  1 4 00100000
  1 5 00010001
  1 6 0001011
  1 7 00001010
  2 0 01011
  2 1 00111
  2 2 001101
  2 3 0010010
  2 4 00011110
  2 5 000011111
  2 6 00010100
  2 7 00000101
  3 0 0011001
  3 1 001011
  3 2 0010011
  3 3 000111011
  3 4 00011011
  3 5 0000010010
  3 6 00001100
  3 7 000000101
  4 0 00100011
  4 1 00100001
  4 2 00011111
  4 3 000111010
  4 4 000011110
  4 5 0000010000
  4 6 000000111
  4 7 0000000101
  5 0 00011100
  5 1 00011010
  5 2 000100000
  5 3 0000010011
  5 4 0000010001
  5 5 00000001111
  5 6 0000001000
  5 7 00000001110
  6 0 00001110
  6 1 0001100
  6 2 0001001
  6 3 00001101
  6 4 000001110
  6 5 0000001001
  6 6 0000000100
  6 7 0000000001
  7 0 00001011
  7 1 0000100
  7 2 00000110
  7 3 000000110
  7 4 0000000110
  7 5 0000000011
  7 6 0000000010
  7 7 0000000000