# X  Y hcode
  0  0 111
  0  1 1100
  0  2 10010
  0  3 0110101
  0  4 0101111
  0  5 01001100
  0  6 001111100
  0  7 001101100
  0  8 001011001
  0  9 0001111011
  0 10 0001101100
  0 11 00001110111
  0 12 00001101011
  0 13 00001010001
  0 14 000001111010
  0 15 0000000111111
  1  0 1101
  1  1 101
  1  2 10000
  1  3 011011
  1  4 0101110
  1  5 0100100
  1  6 00111101
  1  7 00110011
  1  8 00101010
  1  9 001000110
  1 10 000110100
  1 11 0001010011
  1 12 0001000001
  1 13 0000101001
  1 14 00000111011
  1 15 00000100100
  2  0 10011
  2  1 10001
  2  2 01111
  2  3 011000
  2  4 0101001
  2  5 0100010
  2  6 00111011
  2  7 00110000
  2  8 00101000
  2  9 001000000
  2 10 000110010
  2 11 0001001110
  2 12 0000111110
  2 13 00001010000
  2 14 00000111000
  2 15 00000100001
  3  0 011101
  3  1 011100
  3  2 011001
  3  3 0101011
  3  4 0100111
  3  5 00111111
  3  6 00110111
  3  7 001011101
  3  8 001001100
  3  9 000111011
  3 10 0001011101
  3 11 0001001000
  3 12 0000110110
  3 13 00001001011
  3 14 00000110010
  3 15 00000011101
  4  0 0110100
  4  1 010110
  4  2 0101010
  4  3 0101000
  4  4 01000011
  4  5 00111001
  4  6 001011111
  4  7 001001111
  4  8 001001000
  4  9 000111001
  4 10 0001011001
  4 11 0001000101
  4 12 0000110001
  4 13 00001000010
  4 14 00000101110
  4 15 00000011011
  5  0 01001101
  5  1 0100101
  5  2 0100011
  5  3 01000010
  5  4 00111010
  5  5 00110100
  5  6 001011011
  5  7 001001010
  5  8 000111110
  5  9 000110000
  5 10 0001001111
  5 11 0000111111
  5 12 00001011010
  5 13 00000111110
  5 14 00000101000
  5 15 000000100110
  6  0 001111101
  6  1 0100000
  6  2 00111100
  6  3 00111000
  6  4 00110010
  6  5 001011100
  6  6 001001110
  6  7 001000001
  6  8 000110111
  6  9 0001010111
  6 10 0001000111
  6 11 0000110011
  6 12 00001001001
  6 13 00000110011
  6 14 000001000110
  6 15 000000011110
  7  0 001101101
  7  1 00110101
  7  2 00110001
  7  3 001011110
  7  4 001011000
  7  5 001001011
  7  6 001000010
  7  7 0001111010
  7  8 0001011011
  7  9 0001001001
  7 10 0000111000
  7 11 0000101010
  7 12 00001000000
  7 13 00000101100
  7 14 00000010101
  7 15 000000011001
  8  0 001011010
  8  1 00101011
  8  2 00101001
  8  3 001001101
  8  4 001001001
  8  5 000111111
  8  6 000111000
  8  7 0001011100
  8  8 0001001101
  8  9 0001000010
  8 10 0000101111
  8 11 00001000011
  8 12 00000110000
  8 13 000000110101
  8 14 000000100100
  8 15 000000010100
  9  0 001000111
  9  1 00100010
  9  2 001000011
  9  3 000111100
  9  4 000111010
  9  5 000110001
  9  6 0001011000
  9  7 0001001100
  9  8 0001000011
  9  9 00001101010
  9 10 00001000111
  9 11 00000110110
  9 12 00000100110
  9 13 000000100111
  9 14 000000010111
  9 15 000000001111
 10  0 0001101101
 10  1 000110101
 10  2 000110011
 10  3 000101111
 10  4 0001011010
 10  5 0001010010
 10  6 0000111010
 10  7 0000111001
 10  8 0000110000
 10  9 00001001000
 10 10 00000111001
 10 11 00000101001
 10 12 00000010111
 10 13 000000011011
 10 14 0000000111110
 10 15 000000001001
 11  0 0001010110
 11  1 000101010
 11  2 000101000
 11  3 000100101
 11  4 0001000110
 11  5 0001000000
 11  6 0000110100
 11  7 0000101011
 11  8 00001000110
 11  9 00000110111
 11 10 00000101010
 11 11 00000011001
 11 12 000000011101
 11 13 000000010010
 11 14 000000001011
 11 15 0000000001011
 12  0 00001110110
 12  1 0001000100
 12  2 000011110
 12  3 0000110111
 12  4 0000110010
 12  5 0000101110
 12  6 00001001010
 12  7 00001000001
 12  8 00000110001
 12  9 00000100111
 12 10 00000011000
 12 11 00000010000
 12 12 000000010110
 12 13 000000001101
 12 14 0000000001110
 12 15 0000000000111
 13  0 00001011011
 13  1 0000101100
 13  2 0000100111
 13  3 0000100110
 13  4 0000100010
 13  5 00000111111
 13  6 00000110100
 13  7 00000101101
 13  8 00000011111
 13  9 000000110100
 13 10 000000011100
 13 11 000000010011
 13 12 000000001110
 13 13 000000001000
 13 14 0000000001001
 13 15 0000000000011
 14  0 000001111011
 14  1 00000111100
 14  2 00000111010
 14  3 00000110101
 14  4 00000101111
 14  5 00000101011
 14  6 00000100000
 14  7 00000010110
 14  8 000000100101
 14  9 000000011000
 14 10 000000010001
 14 11 000000001100
 14 12 0000000001111
 14 13 0000000001010
 14 14 000000000010
 14 15 0000000000001
 15  0 000001000111
 15  1 00000100101
 15  2 00000100010
 15  3 00000011110
 15  4 00000011100
 15  5 00000010100
 15  6 00000010001
 15  7 000000011010
 15  8 000000010101
 15  9 000000010000
 15 10 000000001010
 15 11 000000000110
 15 12 0000000001000
 15 13 0000000000110
 15 14 0000000000010
 15 15 0000000000000