# X Y hcode
  0 0 1
  0 1 010
  0 2 001010
  0 3 00010111
  0 4 000100011
  0 5 000011110
  0 6 000001100
  0 7 0000010001
  1 0 011
  1 1 0011
  1 2 001000
  1 3 0001100
  1 4 00010010
  1 5 000010101
  1 6 00001100
  1 7 00000111
  2 0 001011
  2 1 001001
  2 2 0001111
  2 3 00010101
  2 4 000100000
  2 5 0000101000
  2 6 000010011
  2 7 000000110
  3 0 0001110
  3 1 0001101
  3 2 00010110
  3 3 000100010
  3 4 0000101110
  3 5 0000010111
  3 6 000010010
  3 7 0000000111
  4 0 00010100
  4 1 00010011
  4 2 000100001
  4 3 0000101111
  4 4 0000011011
  4 5 0000010110
  4 6 0000001001
  4 7 0000000011
  5 0 000011111
  5 1 000010110
  5 2 0000101001
  5 3 0000011010
  5 4 00000010101
  5 5 00000010100
  5 6 0000000101
  5 7 00000000011
  6 0 00001110
  6 1 00001101
  6 2 000001010
  6 3 0000001011
  6 4 0000010000
  6 5 0000000110
  6 6 00000000101
  6 7 00000000001
  7 0 000001001
  7 1 00001000
  7 2 000000111
  7 3 0000001000
  7 4 0000000100
  7 5 00000000100
  7 6 00000000010
  7 7 00000000000
